(10, 80571496602733800964846333266898771598318235840461884173363691563421496761931)
(11, 80571496602733800964846333266898771598318235840461884173363691563423115310736)
(12, 80571496602733800964846333266898771598318235840461884173363691563426402759077)
(13, 80571496602733800964846333266898771598318235840461884173363691563432707752322)
(14, 80571496602733800964846333266898771598318235840461884173363691563444224118111)
(15, 80571496602733800964846333266898771598318235840461884173363691563464393601476)
(16, 80571496602733800964846333266898771598318235840461884173363691563498449687561)
(17, 80571496602733800964846333266898771598318235840461884173363691563554136788982)
(18, 80571496602733800964846333266898771598318235840461884173363691563642644235827)
(19, 80571496602733800964846333266898771598318235840461884173363691563779800030136)
(20, 80571496602733800964846333266898771598318235840461884173363691563987575213421)
